      850.000000    278.051580 
      851.000000    278.051580 
      852.000000    278.051580 
      853.000000    278.051580 
      854.000000    278.051580 
      855.000000    278.051580 
      856.000000    278.051580 
      857.000000    278.051580 
      858.000000    278.051580 
      859.000000    278.051580 
      860.000000    278.051580 
      861.000000    278.051580 
      862.000000    278.051580 
      863.000000    278.051580 
      864.000000    278.051580 
      865.000000    278.051580 
      866.000000    278.051580 
      867.000000    278.051580 
      868.000000    278.051580 
      869.000000    278.051580 
      870.000000    278.051580 
      871.000000    278.051580 
      872.000000    278.051580 
      873.000000    278.051580 
      874.000000    278.051580 
      875.000000    278.051580 
      876.000000    278.051580 
      877.000000    278.051580 
      878.000000    278.051580 
      879.000000    278.051580 
      880.000000    278.051580 
      881.000000    278.051580 
      882.000000    278.051580 
      883.000000    278.051580 
      884.000000    278.051580 
      885.000000    278.051580 
      886.000000    278.051580 
      887.000000    278.051580 
      888.000000    278.051580 
      889.000000    278.051580 
      890.000000    278.051580 
      891.000000    278.051580 
      892.000000    278.051580 
      893.000000    278.051580 
      894.000000    278.051580 
      895.000000    278.051580 
      896.000000    278.051580 
      897.000000    278.051580 
      898.000000    278.051580 
      899.000000    278.051580 
      900.000000    278.051580 
      901.000000    278.051580 
      902.000000    278.051580 
      903.000000    278.051580 
      904.000000    278.051580 
      905.000000    278.051580 
      906.000000    278.051580 
      907.000000    278.051580 
      908.000000    278.051580 
      909.000000    278.051580 
      910.000000    278.051580 
      911.000000    278.051580 
      912.000000    278.051580 
      913.000000    278.051580 
      914.000000    278.051580 
      915.000000    278.051580 
      916.000000    278.051580 
      917.000000    278.051580 
      918.000000    278.051580 
      919.000000    278.051580 
      920.000000    278.051580 
      921.000000    278.051580 
      922.000000    278.051580 
      923.000000    278.051580 
      924.000000    278.051580 
      925.000000    278.051580 
      926.000000    278.051580 
      927.000000    278.051580 
      928.000000    278.051580 
      929.000000    278.051580 
      930.000000    278.051580 
      931.000000    278.051580 
      932.000000    278.051580 
      933.000000    278.051580 
      934.000000    278.051580 
      935.000000    278.051580 
      936.000000    278.051580 
      937.000000    278.051580 
      938.000000    278.051580 
      939.000000    278.051580 
      940.000000    278.051580 
      941.000000    278.051580 
      942.000000    278.051580 
      943.000000    278.051580 
      944.000000    278.051580 
      945.000000    278.051580 
      946.000000    278.051580 
      947.000000    278.051580 
      948.000000    278.051580 
      949.000000    278.051580 
      950.000000    278.051580 
      951.000000    278.051580 
      952.000000    278.051580 
      953.000000    278.051580 
      954.000000    278.051580 
      955.000000    278.051580 
      956.000000    278.051580 
      957.000000    278.051580 
      958.000000    278.051580 
      959.000000    278.051580 
      960.000000    278.051580 
      961.000000    278.051580 
      962.000000    278.051580 
      963.000000    278.051580 
      964.000000    278.051580 
      965.000000    278.051580 
      966.000000    278.051580 
      967.000000    278.051580 
      968.000000    278.051580 
      969.000000    278.051580 
      970.000000    278.051580 
      971.000000    278.051580 
      972.000000    278.051580 
      973.000000    278.051580 
      974.000000    278.051580 
      975.000000    278.051580 
      976.000000    278.051580 
      977.000000    278.051580 
      978.000000    278.051580 
      979.000000    278.051580 
      980.000000    278.051580 
      981.000000    278.051580 
      982.000000    278.051580 
      983.000000    278.051580 
      984.000000    278.051580 
      985.000000    278.051580 
      986.000000    278.051580 
      987.000000    278.051580 
      988.000000    278.051580 
      989.000000    278.051580 
      990.000000    278.051580 
      991.000000    278.051580 
      992.000000    278.051580 
      993.000000    278.051580 
      994.000000    278.051580 
      995.000000    278.051580 
      996.000000    278.051580 
      997.000000    278.051580 
      998.000000    278.051580 
      999.000000    278.051580 
     1000.000000    278.051580 
     1001.000000    278.051580 
     1002.000000    278.051580 
     1003.000000    278.051580 
     1004.000000    278.051580 
     1005.000000    278.051580 
     1006.000000    278.051580 
     1007.000000    278.051580 
     1008.000000    278.051580 
     1009.000000    278.051580 
     1010.000000    278.051580 
     1011.000000    278.051580 
     1012.000000    278.051580 
     1013.000000    278.051580 
     1014.000000    278.051580 
     1015.000000    278.051580 
     1016.000000    278.051580 
     1017.000000    278.051580 
     1018.000000    278.051580 
     1019.000000    278.051580 
     1020.000000    278.051580 
     1021.000000    278.051580 
     1022.000000    278.051580 
     1023.000000    278.051580 
     1024.000000    278.051580 
     1025.000000    278.051580 
     1026.000000    278.051580 
     1027.000000    278.051580 
     1028.000000    278.051580 
     1029.000000    278.051580 
     1030.000000    278.051580 
     1031.000000    278.051580 
     1032.000000    278.051580 
     1033.000000    278.051580 
     1034.000000    278.051580 
     1035.000000    278.051580 
     1036.000000    278.051580 
     1037.000000    278.051580 
     1038.000000    278.051580 
     1039.000000    278.051580 
     1040.000000    278.051580 
     1041.000000    278.051580 
     1042.000000    278.051580 
     1043.000000    278.051580 
     1044.000000    278.051580 
     1045.000000    278.051580 
     1046.000000    278.051580 
     1047.000000    278.051580 
     1048.000000    278.051580 
     1049.000000    278.051580 
     1050.000000    278.051580 
     1051.000000    278.051580 
     1052.000000    278.051580 
     1053.000000    278.051580 
     1054.000000    278.051580 
     1055.000000    278.051580 
     1056.000000    278.051580 
     1057.000000    278.051580 
     1058.000000    278.051580 
     1059.000000    278.051580 
     1060.000000    278.051580 
     1061.000000    278.051580 
     1062.000000    278.051580 
     1063.000000    278.051580 
     1064.000000    278.051580 
     1065.000000    278.051580 
     1066.000000    278.051580 
     1067.000000    278.051580 
     1068.000000    278.051580 
     1069.000000    278.051580 
     1070.000000    278.051580 
     1071.000000    278.051580 
     1072.000000    278.051580 
     1073.000000    278.051580 
     1074.000000    278.051580 
     1075.000000    278.051580 
     1076.000000    278.051580 
     1077.000000    278.051580 
     1078.000000    278.051580 
     1079.000000    278.051580 
     1080.000000    278.051580 
     1081.000000    278.051580 
     1082.000000    278.051580 
     1083.000000    278.051580 
     1084.000000    278.051580 
     1085.000000    278.051580 
     1086.000000    278.051580 
     1087.000000    278.051580 
     1088.000000    278.051580 
     1089.000000    278.051580 
     1090.000000    278.051580 
     1091.000000    278.051580 
     1092.000000    278.051580 
     1093.000000    278.051580 
     1094.000000    278.051580 
     1095.000000    278.051580 
     1096.000000    278.051580 
     1097.000000    278.051580 
     1098.000000    278.051580 
     1099.000000    278.051580 
     1100.000000    278.051580 
     1101.000000    278.051580 
     1102.000000    278.051580 
     1103.000000    278.051580 
     1104.000000    278.051580 
     1105.000000    278.051580 
     1106.000000    278.051580 
     1107.000000    278.051580 
     1108.000000    278.051580 
     1109.000000    278.051580 
     1110.000000    278.051580 
     1111.000000    278.051580 
     1112.000000    278.051580 
     1113.000000    278.051580 
     1114.000000    278.051580 
     1115.000000    278.051580 
     1116.000000    278.051580 
     1117.000000    278.051580 
     1118.000000    278.051580 
     1119.000000    278.051580 
     1120.000000    278.051580 
     1121.000000    278.051580 
     1122.000000    278.051580 
     1123.000000    278.051580 
     1124.000000    278.051580 
     1125.000000    278.051580 
     1126.000000    278.051580 
     1127.000000    278.051580 
     1128.000000    278.051580 
     1129.000000    278.051580 
     1130.000000    278.051580 
     1131.000000    278.051580 
     1132.000000    278.051580 
     1133.000000    278.051580 
     1134.000000    278.051580 
     1135.000000    278.051580 
     1136.000000    278.051580 
     1137.000000    278.051580 
     1138.000000    278.051580 
     1139.000000    278.051580 
     1140.000000    278.051580 
     1141.000000    278.051580 
     1142.000000    278.051580 
     1143.000000    278.051580 
     1144.000000    278.051580 
     1145.000000    278.051580 
     1146.000000    278.051580 
     1147.000000    278.051580 
     1148.000000    278.051580 
     1149.000000    278.051580 
     1150.000000    278.051580 
     1151.000000    278.051580 
     1152.000000    278.051580 
     1153.000000    278.051580 
     1154.000000    278.051580 
     1155.000000    278.051580 
     1156.000000    278.051580 
     1157.000000    278.051580 
     1158.000000    278.051580 
     1159.000000    278.051580 
     1160.000000    278.051580 
     1161.000000    278.051580 
     1162.000000    278.051580 
     1163.000000    278.051580 
     1164.000000    278.051580 
     1165.000000    278.051580 
     1166.000000    278.051580 
     1167.000000    278.051580 
     1168.000000    278.051580 
     1169.000000    278.051580 
     1170.000000    278.051580 
     1171.000000    278.051580 
     1172.000000    278.051580 
     1173.000000    278.051580 
     1174.000000    278.051580 
     1175.000000    278.051580 
     1176.000000    278.051580 
     1177.000000    278.051580 
     1178.000000    278.051580 
     1179.000000    278.051580 
     1180.000000    278.051580 
     1181.000000    278.051580 
     1182.000000    278.051580 
     1183.000000    278.051580 
     1184.000000    278.051580 
     1185.000000    278.051580 
     1186.000000    278.051580 
     1187.000000    278.051580 
     1188.000000    278.051580 
     1189.000000    278.051580 
     1190.000000    278.051580 
     1191.000000    278.051580 
     1192.000000    278.051580 
     1193.000000    278.051580 
     1194.000000    278.051580 
     1195.000000    278.051580 
     1196.000000    278.051580 
     1197.000000    278.051580 
     1198.000000    278.051580 
     1199.000000    278.051580 
     1200.000000    278.051580 
     1201.000000    278.051580 
     1202.000000    278.051580 
     1203.000000    278.051580 
     1204.000000    278.051580 
     1205.000000    278.051580 
     1206.000000    278.051580 
     1207.000000    278.051580 
     1208.000000    278.051580 
     1209.000000    278.051580 
     1210.000000    278.051580 
     1211.000000    278.051580 
     1212.000000    278.051580 
     1213.000000    278.051580 
     1214.000000    278.051580 
     1215.000000    278.051580 
     1216.000000    278.051580 
     1217.000000    278.051580 
     1218.000000    278.051580 
     1219.000000    278.051580 
     1220.000000    278.051580 
     1221.000000    278.051580 
     1222.000000    278.051580 
     1223.000000    278.051580 
     1224.000000    278.051580 
     1225.000000    278.051580 
     1226.000000    278.051580 
     1227.000000    278.051580 
     1228.000000    278.051580 
     1229.000000    278.051580 
     1230.000000    278.051580 
     1231.000000    278.051580 
     1232.000000    278.051580 
     1233.000000    278.051580 
     1234.000000    278.051580 
     1235.000000    278.051580 
     1236.000000    278.051580 
     1237.000000    278.051580 
     1238.000000    278.051580 
     1239.000000    278.051580 
     1240.000000    278.051580 
     1241.000000    278.051580 
     1242.000000    278.051580 
     1243.000000    278.051580 
     1244.000000    278.051580 
     1245.000000    278.051580 
     1246.000000    278.051580 
     1247.000000    278.051580 
     1248.000000    278.051580 
     1249.000000    278.051580 
     1250.000000    278.051580 
     1251.000000    278.051580 
     1252.000000    278.051580 
     1253.000000    278.051580 
     1254.000000    278.051580 
     1255.000000    278.051580 
     1256.000000    278.051580 
     1257.000000    278.051580 
     1258.000000    278.051580 
     1259.000000    278.051580 
     1260.000000    278.051580 
     1261.000000    278.051580 
     1262.000000    278.051580 
     1263.000000    278.051580 
     1264.000000    278.051580 
     1265.000000    278.051580 
     1266.000000    278.051580 
     1267.000000    278.051580 
     1268.000000    278.051580 
     1269.000000    278.051580 
     1270.000000    278.051580 
     1271.000000    278.051580 
     1272.000000    278.051580 
     1273.000000    278.051580 
     1274.000000    278.051580 
     1275.000000    278.051580 
     1276.000000    278.051580 
     1277.000000    278.051580 
     1278.000000    278.051580 
     1279.000000    278.051580 
     1280.000000    278.051580 
     1281.000000    278.051580 
     1282.000000    278.051580 
     1283.000000    278.051580 
     1284.000000    278.051580 
     1285.000000    278.051580 
     1286.000000    278.051580 
     1287.000000    278.051580 
     1288.000000    278.051580 
     1289.000000    278.051580 
     1290.000000    278.051580 
     1291.000000    278.051580 
     1292.000000    278.051580 
     1293.000000    278.051580 
     1294.000000    278.051580 
     1295.000000    278.051580 
     1296.000000    278.051580 
     1297.000000    278.051580 
     1298.000000    278.051580 
     1299.000000    278.051580 
     1300.000000    278.051580 
     1301.000000    278.051580 
     1302.000000    278.051580 
     1303.000000    278.051580 
     1304.000000    278.051580 
     1305.000000    278.051580 
     1306.000000    278.051580 
     1307.000000    278.051580 
     1308.000000    278.051580 
     1309.000000    278.051580 
     1310.000000    278.051580 
     1311.000000    278.051580 
     1312.000000    278.051580 
     1313.000000    278.051580 
     1314.000000    278.051580 
     1315.000000    278.051580 
     1316.000000    278.051580 
     1317.000000    278.051580 
     1318.000000    278.051580 
     1319.000000    278.051580 
     1320.000000    278.051580 
     1321.000000    278.051580 
     1322.000000    278.051580 
     1323.000000    278.051580 
     1324.000000    278.051580 
     1325.000000    278.051580 
     1326.000000    278.051580 
     1327.000000    278.051580 
     1328.000000    278.051580 
     1329.000000    278.051580 
     1330.000000    278.051580 
     1331.000000    278.051580 
     1332.000000    278.051580 
     1333.000000    278.051580 
     1334.000000    278.051580 
     1335.000000    278.051580 
     1336.000000    278.051580 
     1337.000000    278.051580 
     1338.000000    278.051580 
     1339.000000    278.051580 
     1340.000000    278.051580 
     1341.000000    278.051580 
     1342.000000    278.051580 
     1343.000000    278.051580 
     1344.000000    278.051580 
     1345.000000    278.051580 
     1346.000000    278.051580 
     1347.000000    278.051580 
     1348.000000    278.051580 
     1349.000000    278.051580 
     1350.000000    278.051580 
     1351.000000    278.051580 
     1352.000000    278.051580 
     1353.000000    278.051580 
     1354.000000    278.051580 
     1355.000000    278.051580 
     1356.000000    278.051580 
     1357.000000    278.051580 
     1358.000000    278.051580 
     1359.000000    278.051580 
     1360.000000    278.051580 
     1361.000000    278.051580 
     1362.000000    278.051580 
     1363.000000    278.051580 
     1364.000000    278.051580 
     1365.000000    278.051580 
     1366.000000    278.051580 
     1367.000000    278.051580 
     1368.000000    278.051580 
     1369.000000    278.051580 
     1370.000000    278.051580 
     1371.000000    278.051580 
     1372.000000    278.051580 
     1373.000000    278.051580 
     1374.000000    278.051580 
     1375.000000    278.051580 
     1376.000000    278.051580 
     1377.000000    278.051580 
     1378.000000    278.051580 
     1379.000000    278.051580 
     1380.000000    278.051580 
     1381.000000    278.051580 
     1382.000000    278.051580 
     1383.000000    278.051580 
     1384.000000    278.051580 
     1385.000000    278.051580 
     1386.000000    278.051580 
     1387.000000    278.051580 
     1388.000000    278.051580 
     1389.000000    278.051580 
     1390.000000    278.051580 
     1391.000000    278.051580 
     1392.000000    278.051580 
     1393.000000    278.051580 
     1394.000000    278.051580 
     1395.000000    278.051580 
     1396.000000    278.051580 
     1397.000000    278.051580 
     1398.000000    278.051580 
     1399.000000    278.051580 
     1400.000000    278.051580 
     1401.000000    278.051580 
     1402.000000    278.051580 
     1403.000000    278.051580 
     1404.000000    278.051580 
     1405.000000    278.051580 
     1406.000000    278.051580 
     1407.000000    278.051580 
     1408.000000    278.051580 
     1409.000000    278.051580 
     1410.000000    278.051580 
     1411.000000    278.051580 
     1412.000000    278.051580 
     1413.000000    278.051580 
     1414.000000    278.051580 
     1415.000000    278.051580 
     1416.000000    278.051580 
     1417.000000    278.051580 
     1418.000000    278.051580 
     1419.000000    278.051580 
     1420.000000    278.051580 
     1421.000000    278.051580 
     1422.000000    278.051580 
     1423.000000    278.051580 
     1424.000000    278.051580 
     1425.000000    278.051580 
     1426.000000    278.051580 
     1427.000000    278.051580 
     1428.000000    278.051580 
     1429.000000    278.051580 
     1430.000000    278.051580 
     1431.000000    278.051580 
     1432.000000    278.051580 
     1433.000000    278.051580 
     1434.000000    278.051580 
     1435.000000    278.051580 
     1436.000000    278.051580 
     1437.000000    278.051580 
     1438.000000    278.051580 
     1439.000000    278.051580 
     1440.000000    278.051580 
     1441.000000    278.051580 
     1442.000000    278.051580 
     1443.000000    278.051580 
     1444.000000    278.051580 
     1445.000000    278.051580 
     1446.000000    278.051580 
     1447.000000    278.051580 
     1448.000000    278.051580 
     1449.000000    278.051580 
     1450.000000    278.051580 
     1451.000000    278.051580 
     1452.000000    278.051580 
     1453.000000    278.051580 
     1454.000000    278.051580 
     1455.000000    278.051580 
     1456.000000    278.051580 
     1457.000000    278.051580 
     1458.000000    278.051580 
     1459.000000    278.051580 
     1460.000000    278.051580 
     1461.000000    278.051580 
     1462.000000    278.051580 
     1463.000000    278.051580 
     1464.000000    278.051580 
     1465.000000    278.051580 
     1466.000000    278.051580 
     1467.000000    278.051580 
     1468.000000    278.051580 
     1469.000000    278.051580 
     1470.000000    278.051580 
     1471.000000    278.051580 
     1472.000000    278.051580 
     1473.000000    278.051580 
     1474.000000    278.051580 
     1475.000000    278.051580 
     1476.000000    278.051580 
     1477.000000    278.051580 
     1478.000000    278.051580 
     1479.000000    278.051580 
     1480.000000    278.051580 
     1481.000000    278.051580 
     1482.000000    278.051580 
     1483.000000    278.051580 
     1484.000000    278.051580 
     1485.000000    278.051580 
     1486.000000    278.051580 
     1487.000000    278.051580 
     1488.000000    278.051580 
     1489.000000    278.051580 
     1490.000000    278.051580 
     1491.000000    278.051580 
     1492.000000    278.051580 
     1493.000000    278.051580 
     1494.000000    278.051580 
     1495.000000    278.051580 
     1496.000000    278.051580 
     1497.000000    278.051580 
     1498.000000    278.051580 
     1499.000000    278.051580 
     1500.000000    278.051580 
     1501.000000    278.051580 
     1502.000000    278.051580 
     1503.000000    278.051580 
     1504.000000    278.051580 
     1505.000000    278.051580 
     1506.000000    278.051580 
     1507.000000    278.051580 
     1508.000000    278.051580 
     1509.000000    278.051580 
     1510.000000    278.051580 
     1511.000000    278.051580 
     1512.000000    278.051580 
     1513.000000    278.051580 
     1514.000000    278.051580 
     1515.000000    278.051580 
     1516.000000    278.051580 
     1517.000000    278.051580 
     1518.000000    278.051580 
     1519.000000    278.051580 
     1520.000000    278.051580 
     1521.000000    278.051580 
     1522.000000    278.051580 
     1523.000000    278.051580 
     1524.000000    278.051580 
     1525.000000    278.051580 
     1526.000000    278.051580 
     1527.000000    278.051580 
     1528.000000    278.051580 
     1529.000000    278.051580 
     1530.000000    278.051580 
     1531.000000    278.051580 
     1532.000000    278.051580 
     1533.000000    278.051580 
     1534.000000    278.051580 
     1535.000000    278.051580 
     1536.000000    278.051580 
     1537.000000    278.051580 
     1538.000000    278.051580 
     1539.000000    278.051580 
     1540.000000    278.051580 
     1541.000000    278.051580 
     1542.000000    278.051580 
     1543.000000    278.051580 
     1544.000000    278.051580 
     1545.000000    278.051580 
     1546.000000    278.051580 
     1547.000000    278.051580 
     1548.000000    278.051580 
     1549.000000    278.051580 
     1550.000000    278.051580 
     1551.000000    278.051580 
     1552.000000    278.051580 
     1553.000000    278.051580 
     1554.000000    278.051580 
     1555.000000    278.051580 
     1556.000000    278.051580 
     1557.000000    278.051580 
     1558.000000    278.051580 
     1559.000000    278.051580 
     1560.000000    278.051580 
     1561.000000    278.051580 
     1562.000000    278.051580 
     1563.000000    278.051580 
     1564.000000    278.051580 
     1565.000000    278.051580 
     1566.000000    278.051580 
     1567.000000    278.051580 
     1568.000000    278.051580 
     1569.000000    278.051580 
     1570.000000    278.051580 
     1571.000000    278.051580 
     1572.000000    278.051580 
     1573.000000    278.051580 
     1574.000000    278.051580 
     1575.000000    278.051580 
     1576.000000    278.051580 
     1577.000000    278.051580 
     1578.000000    278.051580 
     1579.000000    278.051580 
     1580.000000    278.051580 
     1581.000000    278.051580 
     1582.000000    278.051580 
     1583.000000    278.051580 
     1584.000000    278.051580 
     1585.000000    278.051580 
     1586.000000    278.051580 
     1587.000000    278.051580 
     1588.000000    278.051580 
     1589.000000    278.051580 
     1590.000000    278.051580 
     1591.000000    278.051580 
     1592.000000    278.051580 
     1593.000000    278.051580 
     1594.000000    278.051580 
     1595.000000    278.051580 
     1596.000000    278.051580 
     1597.000000    278.051580 
     1598.000000    278.051580 
     1599.000000    278.051580 
     1600.000000    278.051580 
     1601.000000    278.051580 
     1602.000000    278.051580 
     1603.000000    278.051580 
     1604.000000    278.051580 
     1605.000000    278.051580 
     1606.000000    278.051580 
     1607.000000    278.051580 
     1608.000000    278.051580 
     1609.000000    278.051580 
     1610.000000    278.051580 
     1611.000000    278.051580 
     1612.000000    278.051580 
     1613.000000    278.051580 
     1614.000000    278.051580 
     1615.000000    278.051580 
     1616.000000    278.051580 
     1617.000000    278.051580 
     1618.000000    278.051580 
     1619.000000    278.051580 
     1620.000000    278.051580 
     1621.000000    278.051580 
     1622.000000    278.051580 
     1623.000000    278.051580 
     1624.000000    278.051580 
     1625.000000    278.051580 
     1626.000000    278.051580 
     1627.000000    278.051580 
     1628.000000    278.051580 
     1629.000000    278.051580 
     1630.000000    278.051580 
     1631.000000    278.051580 
     1632.000000    278.051580 
     1633.000000    278.051580 
     1634.000000    278.051580 
     1635.000000    278.051580 
     1636.000000    278.051580 
     1637.000000    278.051580 
     1638.000000    278.051580 
     1639.000000    278.051580 
     1640.000000    278.051580 
     1641.000000    278.051580 
     1642.000000    278.051580 
     1643.000000    278.051580 
     1644.000000    278.051580 
     1645.000000    278.051580 
     1646.000000    278.051580 
     1647.000000    278.051580 
     1648.000000    278.051580 
     1649.000000    278.051580 
     1650.000000    278.051580 
     1651.000000    278.051580 
     1652.000000    278.051580 
     1653.000000    278.051580 
     1654.000000    278.051580 
     1655.000000    278.051580 
     1656.000000    278.051580 
     1657.000000    278.051580 
     1658.000000    278.051580 
     1659.000000    278.051580 
     1660.000000    278.051580 
     1661.000000    278.051580 
     1662.000000    278.051580 
     1663.000000    278.051580 
     1664.000000    278.051580 
     1665.000000    278.051580 
     1666.000000    278.051580 
     1667.000000    278.051580 
     1668.000000    278.051580 
     1669.000000    278.051580 
     1670.000000    278.051580 
     1671.000000    278.051580 
     1672.000000    278.051580 
     1673.000000    278.051580 
     1674.000000    278.051580 
     1675.000000    278.051580 
     1676.000000    278.051580 
     1677.000000    278.051580 
     1678.000000    278.051580 
     1679.000000    278.051580 
     1680.000000    278.051580 
     1681.000000    278.051580 
     1682.000000    278.051580 
     1683.000000    278.051580 
     1684.000000    278.051580 
     1685.000000    278.051580 
     1686.000000    278.051580 
     1687.000000    278.051580 
     1688.000000    278.051580 
     1689.000000    278.051580 
     1690.000000    278.051580 
     1691.000000    278.051580 
     1692.000000    278.051580 
     1693.000000    278.051580 
     1694.000000    278.051580 
     1695.000000    278.051580 
     1696.000000    278.051580 
     1697.000000    278.051580 
     1698.000000    278.051580 
     1699.000000    278.051580 
     1700.000000    278.051580 
     1701.000000    278.051580 
     1702.000000    278.051580 
     1703.000000    278.051580 
     1704.000000    278.051580 
     1705.000000    278.051580 
     1706.000000    278.051580 
     1707.000000    278.051580 
     1708.000000    278.051580 
     1709.000000    278.051580 
     1710.000000    278.051580 
     1711.000000    278.051580 
     1712.000000    278.051580 
     1713.000000    278.051580 
     1714.000000    278.051580 
     1715.000000    278.051580 
     1716.000000    278.051580 
     1717.000000    278.051580 
     1718.000000    278.051580 
     1719.000000    278.051580 
     1720.000000    278.051580 
     1721.000000    278.051580 
     1722.000000    278.051580 
     1723.000000    278.051580 
     1724.000000    278.051580 
     1725.000000    278.051580 
     1726.000000    278.051580 
     1727.000000    278.051580 
     1728.000000    278.051580 
     1729.000000    278.051580 
     1730.000000    278.051580 
     1731.000000    278.051580 
     1732.000000    278.051580 
     1733.000000    278.051580 
     1734.000000    278.051580 
     1735.000000    278.051580 
     1736.000000    278.051580 
     1737.000000    278.051580 
     1738.000000    278.051580 
     1739.000000    278.051580 
     1740.000000    278.051580 
     1741.000000    278.051580 
     1742.000000    278.051580 
     1743.000000    278.051580 
     1744.000000    278.051580 
     1745.000000    278.051580 
     1746.000000    278.051580 
     1747.000000    278.051580 
     1748.000000    278.051580 
     1749.000000    278.051580 
     1750.000000    278.051580 
     1751.000000    278.051580 
     1752.000000    278.051580 
     1753.000000    278.051580 
     1754.000000    278.051580 
     1755.000000    278.051580 
     1756.000000    278.051580 
     1757.000000    278.051580 
     1758.000000    278.051580 
     1759.000000    278.051580 
     1760.000000    278.051580 
     1761.000000    278.051580 
     1762.000000    278.051580 
     1763.000000    278.051580 
     1764.000000    278.051580 
     1765.000000    278.051580 
     1766.000000    278.106150 
     1767.000000    278.220390 
     1768.000000    278.343050 
     1769.000000    278.470580 
     1770.000000    278.600470 
     1771.000000    278.732750 
     1772.000000    278.868810 
     1773.000000    279.009070 
     1774.000000    279.153180 
     1775.000000    279.301800 
     1776.000000    279.456800 
     1777.000000    279.618080 
     1778.000000    279.781920 
     1779.000000    279.943200 
     1780.000000    280.097400 
     1781.000000    280.242800 
     1782.000000    280.381680 
     1783.000000    280.518320 
     1784.000000    280.657200 
     1785.000000    280.802600 
     1786.000000    280.956800 
     1787.000000    281.118080 
     1788.000000    281.281920 
     1789.000000    281.443200 
     1790.000000    281.598200 
     1791.000000    281.746820 
     1792.000000    281.890930 
     1793.000000    282.031190 
     1794.000000    282.167250 
     1795.000000    282.299010 
     1796.000000    282.426800 
     1797.000000    282.550930 
     1798.000000    282.671230 
     1799.000000    282.787300 
     1800.000000    282.899010 
     1801.000000    283.006770 
     1802.000000    283.110930 
     1803.000000    283.211290 
     1804.000000    283.307370 
     1805.000000    283.399630 
     1806.000000    283.489780 
     1807.000000    283.577960 
     1808.000000    283.661160 
     1809.000000    283.735110 
     1810.000000    283.796760 
     1811.000000    283.846670 
     1812.000000    283.888530 
     1813.000000    283.926130 
     1814.000000    283.962670 
     1815.000000    284.001070 
     1816.000000    284.042670 
     1817.000000    284.086130 
     1818.000000    284.128530 
     1819.000000    284.166670 
     1820.000000    284.198200 
     1821.000000    284.223330 
     1822.000000    284.244270 
     1823.000000    284.263070 
     1824.000000    284.281330 
     1825.000000    284.300270 
     1826.000000    284.320000 
     1827.000000    284.340000 
     1828.000000    284.360000 
     1829.000000    284.380000 
     1830.000000    284.400000 
     1831.000000    284.385000 
     1832.000000    284.280000 
     1833.000000    284.125000 
     1834.000000    283.975000 
     1835.000000    283.825000 
     1836.000000    283.675000 
     1837.000000    283.525000 
     1838.000000    283.425000 
     1839.000000    283.400000 
     1840.000000    283.400000 
     1841.000000    283.425000 
     1842.000000    283.500000 
     1843.000000    283.600000 
     1844.000000    283.725000 
     1845.000000    283.900000 
     1846.000000    284.075000 
     1847.000000    284.225000 
     1848.000000    284.400000 
     1849.000000    284.575000 
     1850.000000    284.725000 
     1851.000000    284.875000 
     1852.000000    285.000000 
     1853.000000    285.125000 
     1854.000000    285.275000 
     1855.000000    285.425000 
     1856.000000    285.575000 
     1857.000000    285.725000 
     1858.000000    285.900000 
     1859.000000    286.075000 
     1860.000000    286.225000 
     1861.000000    286.375000 
     1862.000000    286.500000 
     1863.000000    286.625000 
     1864.000000    286.775000 
     1865.000000    286.900000 
     1866.000000    287.000000 
     1867.000000    287.100000 
     1868.000000    287.225000 
     1869.000000    287.375000 
     1870.000000    287.525000 
     1871.000000    287.700000 
     1872.000000    287.900000 
     1873.000000    288.125000 
     1874.000000    288.400000 
     1875.000000    288.700000 
     1876.000000    289.025000 
     1877.000000    289.400000 
     1878.000000    289.800000 
     1879.000000    290.225000 
     1880.000000    290.700000 
     1881.000000    291.200000 
     1882.000000    291.675000 
     1883.000000    292.125000 
     1884.000000    292.575000 
     1885.000000    292.975000 
     1886.000000    293.300000 
     1887.000000    293.575000 
     1888.000000    293.800000 
     1889.000000    294.000000 
     1890.000000    294.175000 
     1891.000000    294.325000 
     1892.000000    294.475000 
     1893.000000    294.600000 
     1894.000000    294.700000 
     1895.000000    294.800000 
     1896.000000    294.900000 
     1897.000000    295.025000 
     1898.000000    295.225000 
     1899.000000    295.500000 
     1900.000000    295.800000 
     1901.000000    296.125000 
     1902.000000    296.475000 
     1903.000000    296.825000 
     1904.000000    297.200000 
     1905.000000    297.625000 
     1906.000000    298.075000 
     1907.000000    298.500000 
     1908.000000    298.900000 
     1909.000000    299.300000 
     1910.000000    299.700000 
     1911.000000    300.075000 
     1912.000000    300.425000 
     1913.000000    300.775000 
     1914.000000    301.100000 
     1915.000000    301.400000 
     1916.000000    301.725000 
     1917.000000    302.075000 
     1918.000000    302.400000 
     1919.000000    302.700000 
     1920.000000    303.025000 
     1921.000000    303.400000 
     1922.000000    303.775000 
     1923.000000    304.125000 
     1924.000000    304.525000 
     1925.000000    304.975000 
     1926.000000    305.400000 
     1927.000000    305.825000 
     1928.000000    306.300000 
     1929.000000    306.775000 
     1930.000000    307.225000 
     1931.000000    307.700000 
     1932.000000    308.175000 
     1933.000000    308.600000 
     1934.000000    309.000000 
     1935.000000    309.400000 
     1936.000000    309.750000 
     1937.000000    310.000000 
     1938.000000    310.175000 
     1939.000000    310.300000 
     1940.000000    310.375000 
     1941.000000    310.375000 
     1942.000000    310.300000 
     1943.000000    310.200000 
     1944.000000    310.125000 
     1945.000000    310.100000 
     1946.000000    310.125000 
     1947.000000    310.200000 
     1948.000000    310.325000 
     1949.000000    310.500000 
     1950.000000    310.750000 
     1951.000000    311.100000 
     1952.000000    311.500000 
     1953.000000    311.925000 
     1954.000000    312.425000 
     1955.000000    313.000000 
     1956.000000    313.600000 
     1957.000000    314.225000 
     1958.000000    314.847500 
     1959.000000    315.500000 
     1960.000000    316.272500 
     1961.000000    317.075000 
     1962.000000    317.795000 
     1963.000000    318.397500 
     1964.000000    318.925000 
     1965.000000    319.647500 
     1966.000000    320.647500 
     1967.000000    321.605000 
     1968.000000    322.635000 
     1969.000000    323.902500 
     1970.000000    324.985000 
     1971.000000    325.855000 
     1972.000000    327.140000 
     1973.000000    328.677500 
     1974.000000    329.742500 
     1975.000000    330.585000 
     1976.000000    331.747500 
     1977.000000    333.272500 
     1978.000000    334.847500 
     1979.000000    336.525000 
     1980.000000    338.360000 
     1981.000000    339.727500 
     1982.000000    340.792500 
     1983.000000    342.197500 
     1984.000000    343.782500 
     1985.000000    345.282500 
     1986.000000    346.797500 
     1987.000000    348.645000 
     1988.000000    350.737500 
     1989.000000    352.487500 
     1990.000000    353.855000 
     1991.000000    355.017500 
     1992.000000    355.885000 
     1993.000000    356.777500 
     1994.000000    358.127500 
     1995.000000    359.837500 
     1996.000000    361.462500 
     1997.000000    363.155000 
     1998.000000    365.322500 
     1999.000000    367.347500 
     2000.000000    368.865000 
     2001.000000    370.467500 
     2002.000000    372.522500 
     2003.000000    374.760000 
     2004.000000    376.812500 
     2005.000000    378.812500 
     2006.000000    380.827500 
     2007.000000    382.777500 
     2008.000000    384.800000 
     2009.000000    387.012260 
     2010.000000    389.324160 
     2011.000000    391.638010 
     2012.000000    394.008660 
     2013.000000    396.463840 
     2014.000000    399.004020 
     2015.000000    401.627930 
     2016.000000    404.328190 
     2017.000000    407.095880 
     2018.000000    409.927010 
     2019.000000    412.821510 
     2020.000000    415.780220 
     2021.000000    418.796290 
     2022.000000    421.864390 
     2023.000000    424.994690 
     2024.000000    428.197340 
     2025.000000    431.474730 
     2026.000000    434.826190 
     2027.000000    438.244560 
     2028.000000    441.720800 
     2029.000000    445.250850 
     2030.000000    448.834850 
     2031.000000    452.473590 
     2032.000000    456.177000 
     2033.000000    459.963980 
     2034.000000    463.851810 
     2035.000000    467.850030 
     2036.000000    471.960470 
     2037.000000    476.182370 
     2038.000000    480.507990 
     2039.000000    484.927240 
     2040.000000    489.435450 
     2041.000000    494.032350 
     2042.000000    498.729700 
     2043.000000    503.529590 
     2044.000000    508.432660 
     2045.000000    513.456140 
     2046.000000    518.610620 
     2047.000000    523.900060 
     2048.000000    529.324180 
     2049.000000    534.875200 
     2050.000000    540.542790 
     2051.000000    546.322010 
     2052.000000    552.211890 
     2053.000000    558.212200 
     2054.000000    564.313110 
     2055.000000    570.516690 
     2056.000000    576.843430 
     2057.000000    583.304710 
     2058.000000    589.905390 
     2059.000000    596.646560 
     2060.000000    603.520450 
     2061.000000    610.516500 
     2062.000000    617.605260 
     2063.000000    624.763670 
     2064.000000    631.994710 
     2065.000000    639.290520 
     2066.000000    646.652740 
     2067.000000    654.098430 
     2068.000000    661.644910 
     2069.000000    669.304740 
     2070.000000    677.077620 
     2071.000000    684.954290 
     2072.000000    692.901960 
     2073.000000    700.894160 
     2074.000000    708.931590 
     2075.000000    717.015480 
     2076.000000    725.135970 
     2077.000000    733.306670 
     2078.000000    741.523680 
     2079.000000    749.804660 
     2080.000000    758.182300 
     2081.000000    766.644510 
     2082.000000    775.174460 
     2083.000000    783.751410 
     2084.000000    792.365780 
     2085.000000    801.018800 
     2086.000000    809.714640 
     2087.000000    818.422140 
     2088.000000    827.157190 
     2089.000000    835.955940 
     2090.000000    844.804710 
     2091.000000    853.725360 
     2092.000000    862.725970 
     2093.000000    871.776800 
     2094.000000    880.864350 
     2095.000000    889.981620 
     2096.000000    899.124070 
     2097.000000    908.288710 
     2098.000000    917.471370 
     2099.000000    926.665270 
     2100.000000    935.874370 
     2101.000000    945.132130 
     2102.000000    954.466200 
     2103.000000    963.839060 
     2104.000000    973.240800 
     2105.000000    982.680370 
     2106.000000    992.142880 
     2107.000000    1001.631100 
     2108.000000    1011.119100 
     2109.000000    1020.608500 
     2110.000000    1030.100400 
     2111.000000    1039.589200 
     2112.000000    1049.123300 
     2113.000000    1058.700200 
     2114.000000    1068.321600 
     2115.000000    1077.999500 
     2116.000000    1087.699900 
     2117.000000    1097.430300 
     2118.000000    1107.176500 
     2119.000000    1116.912200 
     2120.000000    1126.659200 
     2121.000000    1136.401500 
     2122.000000    1146.134400 
     2123.000000    1155.906400 
     2124.000000    1165.740100 
     2125.000000    1175.617600 
     2126.000000    1185.529500 
     2127.000000    1195.483300 
     2128.000000    1205.477200 
     2129.000000    1215.466100 
     2130.000000    1225.453000 
     2131.000000    1235.449300 
     2132.000000    1245.419000 
     2133.000000    1255.397000 
     2134.000000    1265.421100 
     2135.000000    1275.484300 
     2136.000000    1285.594300 
     2137.000000    1295.763200 
     2138.000000    1305.962500 
     2139.000000    1316.170800 
     2140.000000    1326.393600 
     2141.000000    1336.628300 
     2142.000000    1346.859400 
     2143.000000    1357.072700 
     2144.000000    1367.279700 
     2145.000000    1377.509700 
     2146.000000    1387.793000 
     2147.000000    1398.137600 
     2148.000000    1408.522600 
     2149.000000    1418.946700 
     2150.000000    1429.396900 
     2151.000000    1439.835400 
     2152.000000    1450.211100 
     2153.000000    1460.479300 
     2154.000000    1470.591500 
     2155.000000    1480.556400 
     2156.000000    1490.455200 
     2157.000000    1500.299400 
     2158.000000    1510.057300 
     2159.000000    1519.733200 
     2160.000000    1529.327600 
     2161.000000    1538.827400 
     2162.000000    1548.221400 
     2163.000000    1557.502500 
     2164.000000    1566.683800 
     2165.000000    1575.709300 
     2166.000000    1584.579200 
     2167.000000    1593.389000 
     2168.000000    1602.144400 
     2169.000000    1610.823200 
     2170.000000    1619.418900 
     2171.000000    1627.928300 
     2172.000000    1636.342300 
     2173.000000    1644.654400 
     2174.000000    1652.862100 
     2175.000000    1660.947200 
     2176.000000    1668.871400 
     2177.000000    1676.649100 
     2178.000000    1684.347900 
     2179.000000    1691.985500 
     2180.000000    1699.554300 
     2181.000000    1707.054200 
     2182.000000    1714.467100 
     2183.000000    1721.785700 
     2184.000000    1728.998600 
     2185.000000    1736.073000 
     2186.000000    1743.020400 
     2187.000000    1749.827200 
     2188.000000    1756.484500 
     2189.000000    1763.046900 
     2190.000000    1769.542000 
     2191.000000    1775.972000 
     2192.000000    1782.328100 
     2193.000000    1788.598500 
     2194.000000    1794.760500 
     2195.000000    1800.799900 
     2196.000000    1806.733400 
     2197.000000    1812.520100 
     2198.000000    1818.142300 
     2199.000000    1823.649800 
     2200.000000    1829.055600 
     2201.000000    1834.373300 
     2202.000000    1839.612200 
     2203.000000    1844.781200 
     2204.000000    1849.868200 
     2205.000000    1854.849000 
     2206.000000    1859.710600 
     2207.000000    1864.446900 
     2208.000000    1869.036200 
     2209.000000    1873.467200 
     2210.000000    1877.784000 
     2211.000000    1881.994700 
     2212.000000    1886.109700 
     2213.000000    1890.155400 
     2214.000000    1894.131300 
     2215.000000    1898.012300 
     2216.000000    1901.776600 
     2217.000000    1905.423500 
     2218.000000    1908.960300 
     2219.000000    1912.344500 
     2220.000000    1915.546500 
     2221.000000    1918.621700 
     2222.000000    1921.612600 
     2223.000000    1924.522700 
     2224.000000    1927.352000 
     2225.000000    1930.100000 
     2226.000000    1932.751300 
     2227.000000    1935.292600 
     2228.000000    1937.712700 
     2229.000000    1940.010300 
     2230.000000    1942.158300 
     2231.000000    1944.157200 
     2232.000000    1946.027800 
     2233.000000    1947.776200 
     2234.000000    1949.439200 
     2235.000000    1951.012100 
     2236.000000    1952.513800 
     2237.000000    1953.943300 
     2238.000000    1955.271800 
     2239.000000    1956.460400 
     2240.000000    1957.492900 
     2241.000000    1958.428000 
     2242.000000    1959.189700 
     2243.000000    1959.770700 
     2244.000000    1960.284700 
     2245.000000    1960.728800 
     2246.000000    1961.067400 
     2247.000000    1961.319400 
     2248.000000    1961.495700 
     2249.000000    1961.568300 
     2250.000000    1961.577400 
     2251.000000    1961.577400 
     2252.000000    1961.577400 
     2253.000000    1961.577400 
     2254.000000    1961.577400 
     2255.000000    1961.577400 
     2256.000000    1961.577400 
     2257.000000    1961.577400 
     2258.000000    1961.577400 
     2259.000000    1961.577400 
     2260.000000    1961.577400 
     2261.000000    1961.577400 
     2262.000000    1961.577400 
     2263.000000    1961.577400 
     2264.000000    1961.577400 
     2265.000000    1961.577400 
     2266.000000    1961.577400 
     2267.000000    1961.577400 
     2268.000000    1961.577400 
     2269.000000    1961.577400 
     2270.000000    1961.577400 
     2271.000000    1961.577400 
     2272.000000    1961.577400 
     2273.000000    1961.577400 
     2274.000000    1961.577400 
     2275.000000    1961.577400 
     2276.000000    1961.577400 
     2277.000000    1961.577400 
     2278.000000    1961.577400 
     2279.000000    1961.577400 
     2280.000000    1961.577400 
     2281.000000    1961.577400 
     2282.000000    1961.577400 
     2283.000000    1961.577400 
     2284.000000    1961.577400 
     2285.000000    1961.577400 
     2286.000000    1961.577400 
     2287.000000    1961.577400 
     2288.000000    1961.577400 
     2289.000000    1961.577400 
     2290.000000    1961.577400 
     2291.000000    1961.577400 
     2292.000000    1961.577400 
     2293.000000    1961.577400 
     2294.000000    1961.577400 
     2295.000000    1961.577400 
     2296.000000    1961.577400 
     2297.000000    1961.577400 
     2298.000000    1961.577400 
     2299.000000    1961.577400 
     2300.000000    1961.577400 
     2301.000000    1961.577400 
     2302.000000    1961.577400 
     2303.000000    1961.577400 
     2304.000000    1961.577400 
     2305.000000    1961.577400 
     2306.000000    1961.577400 
     2307.000000    1961.577400 
     2308.000000    1961.577400 
     2309.000000    1961.577400 
     2310.000000    1961.577400 
     2311.000000    1961.577400 
     2312.000000    1961.577400 
     2313.000000    1961.577400 
     2314.000000    1961.577400 
     2315.000000    1961.577400 
     2316.000000    1961.577400 
     2317.000000    1961.577400 
     2318.000000    1961.577400 
     2319.000000    1961.577400 
     2320.000000    1961.577400 
     2321.000000    1961.577400 
     2322.000000    1961.577400 
     2323.000000    1961.577400 
     2324.000000    1961.577400 
     2325.000000    1961.577400 
     2326.000000    1961.577400 
     2327.000000    1961.577400 
     2328.000000    1961.577400 
     2329.000000    1961.577400 
     2330.000000    1961.577400 
     2331.000000    1961.577400 
     2332.000000    1961.577400 
     2333.000000    1961.577400 
     2334.000000    1961.577400 
     2335.000000    1961.577400 
     2336.000000    1961.577400 
     2337.000000    1961.577400 
     2338.000000    1961.577400 
     2339.000000    1961.577400 
     2340.000000    1961.577400 
     2341.000000    1961.577400 
     2342.000000    1961.577400 
     2343.000000    1961.577400 
     2344.000000    1961.577400 
     2345.000000    1961.577400 
     2346.000000    1961.577400 
     2347.000000    1961.577400 
     2348.000000    1961.577400 
     2349.000000    1961.577400 
     2350.000000    1961.577400 
     2351.000000    1961.577400 
     2352.000000    1961.577400 
     2353.000000    1961.577400 
     2354.000000    1961.577400 
     2355.000000    1961.577400 
     2356.000000    1961.577400 
     2357.000000    1961.577400 
     2358.000000    1961.577400 
     2359.000000    1961.577400 
     2360.000000    1961.577400 
     2361.000000    1961.577400 
     2362.000000    1961.577400 
     2363.000000    1961.577400 
     2364.000000    1961.577400 
     2365.000000    1961.577400 
     2366.000000    1961.577400 
     2367.000000    1961.577400 
     2368.000000    1961.577400 
     2369.000000    1961.577400 
     2370.000000    1961.577400 
     2371.000000    1961.577400 
     2372.000000    1961.577400 
     2373.000000    1961.577400 
     2374.000000    1961.577400 
     2375.000000    1961.577400 
     2376.000000    1961.577400 
     2377.000000    1961.577400 
     2378.000000    1961.577400 
     2379.000000    1961.577400 
     2380.000000    1961.577400 
     2381.000000    1961.577400 
     2382.000000    1961.577400 
     2383.000000    1961.577400 
     2384.000000    1961.577400 
     2385.000000    1961.577400 
     2386.000000    1961.577400 
     2387.000000    1961.577400 
     2388.000000    1961.577400 
     2389.000000    1961.577400 
     2390.000000    1961.577400 
     2391.000000    1961.577400 
     2392.000000    1961.577400 
     2393.000000    1961.577400 
     2394.000000    1961.577400 
     2395.000000    1961.577400 
     2396.000000    1961.577400 
     2397.000000    1961.577400 
     2398.000000    1961.577400 
     2399.000000    1961.577400 
     2400.000000    1961.577400 
     2401.000000    1961.577400 
     2402.000000    1961.577400 
     2403.000000    1961.577400 
     2404.000000    1961.577400 
     2405.000000    1961.577400 
     2406.000000    1961.577400 
     2407.000000    1961.577400 
     2408.000000    1961.577400 
     2409.000000    1961.577400 
     2410.000000    1961.577400 
     2411.000000    1961.577400 
     2412.000000    1961.577400 
     2413.000000    1961.577400 
     2414.000000    1961.577400 
     2415.000000    1961.577400 
     2416.000000    1961.577400 
     2417.000000    1961.577400 
     2418.000000    1961.577400 
     2419.000000    1961.577400 
     2420.000000    1961.577400 
     2421.000000    1961.577400 
     2422.000000    1961.577400 
     2423.000000    1961.577400 
     2424.000000    1961.577400 
     2425.000000    1961.577400 
     2426.000000    1961.577400 
     2427.000000    1961.577400 
     2428.000000    1961.577400 
     2429.000000    1961.577400 
     2430.000000    1961.577400 
     2431.000000    1961.577400 
     2432.000000    1961.577400 
     2433.000000    1961.577400 
     2434.000000    1961.577400 
     2435.000000    1961.577400 
     2436.000000    1961.577400 
     2437.000000    1961.577400 
     2438.000000    1961.577400 
     2439.000000    1961.577400 
     2440.000000    1961.577400 
     2441.000000    1961.577400 
     2442.000000    1961.577400 
     2443.000000    1961.577400 
     2444.000000    1961.577400 
     2445.000000    1961.577400 
     2446.000000    1961.577400 
     2447.000000    1961.577400 
     2448.000000    1961.577400 
     2449.000000    1961.577400 
     2450.000000    1961.577400 
     2451.000000    1961.577400 
     2452.000000    1961.577400 
     2453.000000    1961.577400 
     2454.000000    1961.577400 
     2455.000000    1961.577400 
     2456.000000    1961.577400 
     2457.000000    1961.577400 
     2458.000000    1961.577400 
     2459.000000    1961.577400 
     2460.000000    1961.577400 
     2461.000000    1961.577400 
     2462.000000    1961.577400 
     2463.000000    1961.577400 
     2464.000000    1961.577400 
     2465.000000    1961.577400 
     2466.000000    1961.577400 
     2467.000000    1961.577400 
     2468.000000    1961.577400 
     2469.000000    1961.577400 
     2470.000000    1961.577400 
     2471.000000    1961.577400 
     2472.000000    1961.577400 
     2473.000000    1961.577400 
     2474.000000    1961.577400 
     2475.000000    1961.577400 
     2476.000000    1961.577400 
     2477.000000    1961.577400 
     2478.000000    1961.577400 
     2479.000000    1961.577400 
     2480.000000    1961.577400 
     2481.000000    1961.577400 
     2482.000000    1961.577400 
     2483.000000    1961.577400 
     2484.000000    1961.577400 
     2485.000000    1961.577400 
     2486.000000    1961.577400 
     2487.000000    1961.577400 
     2488.000000    1961.577400 
     2489.000000    1961.577400 
     2490.000000    1961.577400 
     2491.000000    1961.577400 
     2492.000000    1961.577400 
     2493.000000    1961.577400 
     2494.000000    1961.577400 
     2495.000000    1961.577400 
     2496.000000    1961.577400 
     2497.000000    1961.577400 
     2498.000000    1961.577400 
     2499.000000    1961.577400 
     2500.000000    1961.577400 
